data/modsim_data/dis_support/top_elev_all.txt
ncols         133
nrows         64
xllcorner     278826.60355005
yllcorner     4343615.4021448
cellsize      400
NODATA_value  -9999
[rows 28 to 55 of 64, columns 63 to 125 of 133]
1356.425 1355.92 1355.137 1354.202 1353.458 1353.242 1353.37 1353.653 1353.922 1353.971 1353.589 1352.842 1352.847 1353.102 1353.413 1353.879 1354.945 1357.316 1359.372 1360.654 1361.226 1361.289 1360.768 1359.573 1357.979 1357.105 1356.697 1356.251 1355.298 1353.398 1350.492 1350.023 1349.772 1347.583 1345.15 1342.609 1339.876 1336.82 1333.543 1330.754 1329.633 1328.999 1327.771 1325.054 1322.306 1319.966 1318.174 1316.917 1316.068 1315.456 1314.973 1314.495 1313.987 1313.543 1313.349 1313.515 1313.892 1314.246 1314.357 1314.133 1313.615 1313.063 1312.914
1355.403 1355.038 1354.243 1353.069 1352.052 1351.924 1352.099 1352.359 1352.585 1352.579 1351.914 1350.136 1349.948 1349.943 1349.927 1349.944 1350.498 1353.484 1355.302 1355.95 1355.801 1355.485 1354.766 1353.095 1350.431 1349.353 1349.12 1349.118 1349.002 1348.326 1346.171 1345.501 1345.024 1343.385 1341.125 1338.57 1335.992 1332.967 1329.189 1325.572 1324.903 1324.879 1324.393 1321.581 1318.886 1316.775 1315.308 1314.396 1313.875 1313.527 1313.203 1312.743 1312.104 1311.424 1311.041 1311.214 1311.579 1311.801 1311.614 1310.954 1309.736 1308.249 1307.669
1354.151 1353.98 1353.205 1351.643 1350.05 1349.974 1349.98 1349.977 1349.968 1349.925 1349.484 1347.043 1345.777 1345.185 1344.895 1344.937 1345.834 1348.263 1348.535 1347.817 1346.321 1345.563 1344.981 1343.389 1339.688 1337.87 1337.361 1337.377 1337.595 1337.978 1338.583 1339.066 1338.899 1337.734 1335.693 1333.115 1331.077 1328.61 1324.694 1320.781 1319.077 1318.464 1317.78 1316.043 1314.242 1312.831 1311.925 1311.466 1311.314 1311.252 1311.089 1310.605 1309.673 1308.436 1307.515 1307.66 1307.846 1307.709 1306.968 1305.817 1303.793 1300.791 1299.582
1352.294 1352.419 1351.843 1349.977 1348.064 1347.164 1346.578 1345.974 1345.219 1344.311 1343.239 1341.432 1340.227 1339.485 1338.951 1338.565 1338.361 1338.093 1336.35 1334.335 1330.887 1329.538 1329.022 1328.207 1326.687 1325.908 1325.704 1325.731 1326.045 1327.197 1330.266 1331.648 1331.569 1330.716 1328.811 1325.728 1324.349 1322.71 1318.295 1314.479 1312.404 1311.376 1310.66 1309.795 1308.981 1308.388 1308.089 1308.055 1308.2 1308.356 1308.314 1307.775 1306.371 1304.078 1301.969 1302.286 1301.873 1300.974 1299.108 1297.482 1295.098 1290.718 1288.02
1349.165 1349.551 1349.229 1347.007 1345.128 1343.873 1342.808 1341.583 1339.97 1338.023 1336.553 1335.221 1334.506 1333.892 1333.206 1332.368 1331.143 1329.079 1326.029 1325.126 1323.462 1322.428 1321.646 1320.844 1319.964 1319.357 1319.087 1319.028 1319.483 1321.001 1323.75 1323.959 1322.673 1321.908 1320.465 1316.781 1314.713 1312.986 1310.249 1307.724 1306.187 1305.066 1304.364 1304.057 1303.939 1303.914 1303.973 1304.11 1304.295 1304.452 1304.397 1303.805 1301.857 1297.883 1293.522 1294.955 1292.493 1290.389 1286.193 1283.306 1280.727 1277.65 1275.244
1344.502 1343.682 1342.844 1342.659 1341.865 1340.856 1339.665 1338.139 1336.038 1333.194 1331.637 1330.529 1330.246 1329.643 1328.869 1327.982 1326.783 1325.038 1323.683 1322.642 1321.351 1320.531 1319.417 1318.343 1317.526 1316.71 1316.251 1315.833 1315.707 1316.007 1316.313 1314.67 1310.705 1309.456 1308.525 1307.567 1306.693 1305.874 1305.038 1304.096 1303.042 1301.282 1300.247 1299.974 1299.94 1299.878 1299.747 1299.549 1299.301 1299.019 1298.597 1297.897 1295.611 1289.114 1282.505 1286.892 1277.029 1274.613 1272.857 1271.096 1269.362 1267.674 1266.082
1344.746 1343.58 1342.491 1341.553 1340.532 1339.394 1338.118 1336.68 1335.068 1332.953 1331.197 1330.152 1328.821 1327.556 1326.588 1325.905 1325.409 1324.956 1324.968 1323.183 1321.335 1320.214 1319.384 1318.17 1317.446 1316.313 1315.849 1315.236 1314.645 1313.952 1313.143 1312.204 1310.557 1309.667 1308.612 1307.675 1306.892 1306.74 1307.516 1309.378 1306.245 1301.416 1300.103 1298.704 1297.668 1296.605 1295.451 1294.212 1292.89 1291.484 1289.991 1288.4 1286.69 1284.832 1281.047 1279.934 1276.692 1274.946 1273.159 1271.372 1269.565 1267.727 1265.947
1349.468 1346.997 1345.512 1343.664 1341.86 1340.213 1338.653 1337.082 1335.419 1333.527 1331.736 1330.264 1328.734 1327.42 1326.515 1325.817 1325.322 1325.121 1325.001 1323.952 1322.194 1320.599 1319.547 1318.342 1317.434 1316.78 1316.186 1316.519 1316.444 1315.99 1315.325 1314.763 1314.034 1313.398 1312.638 1311.972 1311.563 1311.741 1312.787 1314.417 1314.045 1311.402 1308.625 1304.228 1302.236 1300.775 1300.339 1299.94 1298.809 1296.137 1295.789 1292.477 1290.556 1289.536 1287.926 1286.657 1284.525 1281.803 1279.465 1277.661 1276.182 1274.963 1274.216
1352.815 1350.363 1349.637 1346.996 1344.45 1342.287 1340.379 1338.531 1336.629 1334.625 1332.664 1330.868 1329.183 1327.756 1326.699 1325.941 1325.484 1325.356 1325.359 1324.989 1323.52 1321.972 1321.727 1321.281 1320.823 1320.48 1320.233 1320.418 1320.43 1320.269 1319.954 1319.682 1319.428 1319.111 1318.703 1318.354 1318.192 1318.342 1318.897 1319.986 1323.246 1323.427 1322.278 1319.832 1317.201 1312.802 1311.929 1310.729 1307.414 1303.052 1301.725 1300.709 1300.258 1300.162 1299.804 1298.947 1296.594 1292.192 1289.373 1287.852 1286.965 1286.516 1286.856
1357.186 1354.796 1352.853 1350.024 1347.234 1344.822 1342.671 1340.519 1338.282 1335.989 1333.748 1331.664 1329.78 1328.188 1326.958 1326.084 1325.573 1325.391 1325.379 1325.286 1324.995 1324.928 1324.969 1324.964 1324.948 1324.938 1324.92 1324.952 1324.956 1324.943 1324.956 1324.927 1324.899 1324.914 1324.93 1324.909 1324.848 1324.792 1324.771 1325.032 1327.46 1328.845 1328.817 1327.448 1325.458 1323.666 1323.502 1322.372 1318.21 1314.797 1313.285 1312.972 1312.988 1313.099 1312.822 1311.338 1307.552 1302.82 1300.723 1300.038 1299.81 1299.796 1300.277
1361.901 1359.094 1356.272 1353.117 1350.036 1347.471 1345.19 1342.725 1340.101 1337.435 1334.855 1332.471 1330.353 1328.564 1327.153 1326.138 1325.524 1325.25 1325.138 1325.014 1324.996 1325.686 1326.377 1326.932 1327.365 1327.691 1327.9 1328.075 1328.154 1328.267 1328.537 1328.655 1328.62 1328.927 1329.481 1329.765 1329.511 1328.864 1328.11 1327.726 1329.465 1331.028 1331.397 1330.343 1328.18 1325.875 1326.834 1326.839 1325.097 1324.215 1323.724 1323.959 1324.259 1324.47 1324.277 1322.721 1318.282 1314.796 1313.306 1312.937 1312.93 1313.037 1313.419
1366.229 1362.986 1359.604 1356.123 1352.836 1350.035 1347.719 1344.897 1341.871 1338.83 1335.91 1333.225 1330.855 1328.85 1327.249 1326.087 1325.387 1325.099 1325.008 1324.997 1325.012 1325.956 1327.017 1327.969 1328.761 1329.387 1329.83 1330.17 1330.406 1330.577 1331.002 1331.332 1331.263 1331.586 1332.586 1333.312 1333.045 1332.015 1330.917 1330.422 1331.103 1332.296 1332.563 1331.602 1329.724 1327.895 1328.359 1328.596 1327.852 1326.914 1325.955 1327.86 1329.562 1330.566 1330.599 1329.116 1325.974 1324.709 1324.406 1324.438 1324.506 1324.525 1324.549
1369.652 1366.209 1362.484 1358.689 1355.158 1352.21 1349.87 1346.667 1343.379 1340.076 1336.876 1333.919 1331.304 1329.08 1327.284 1325.967 1325.199 1325.004 1324.999 1325.008 1325.401 1326.364 1327.53 1328.677 1329.704 1330.557 1331.214 1331.687 1332.076 1332.332 1332.707 1333.331 1333.308 1333.459 1334.61 1335.838 1335.87 1334.755 1333.498 1332.957 1333.303 1333.867 1333.743 1332.738 1331.13 1329.707 1329.564 1329.565 1329.096 1328.379 1328.002 1329.975 1332.155 1333.733 1334.356 1333.83 1332.537 1332.083 1332.188 1332.395 1332.463 1332.337 1332.042
1372.076 1368.638 1364.695 1360.555 1356.576 1353.038 1350.024 1347.472 1344.486 1341.154 1337.771 1334.586 1331.748 1329.323 1327.342 1325.861 1325.002 1325 1325.005 1325.315 1325.954 1326.961 1328.165 1329.406 1330.576 1331.597 1332.423 1333.035 1333.472 1333.917 1334.082 1334.885 1335.139 1335.029 1336.021 1337.615 1338.142 1337.226 1335.896 1335.233 1335.402 1335.695 1335.287 1334.176 1332.661 1331.329 1330.921 1330.668 1330.241 1329.783 1329.856 1331.51 1333.62 1335.461 1336.664 1337.115 1337.093 1337.258 1337.585 1337.829 1337.818 1337.517 1336.955
1373.413 1370.305 1366.244 1361.799 1357.416 1353.431 1350.102 1348.371 1345.607 1342.198 1338.642 1335.265 1332.245 1329.659 1327.543 1325.946 1325.002 1325.21 1325.393 1325.876 1326.678 1327.764 1329.023 1330.337 1331.608 1332.758 1333.716 1334.461 1334.937 1335.442 1335.623 1336.151 1336.947 1336.652 1337.249 1338.97 1340.007 1339.448 1338.151 1337.335 1337.334 1337.563 1337.153 1336.005 1334.494 1333.094 1332.768 1332.306 1331.755 1331.357 1331.546 1332.782 1334.592 1336.473 1338.071 1339.239 1340.039 1340.693 1341.203 1341.458 1341.355 1340.887 1340.094
1374.931 1371.545 1367.238 1362.565 1357.992 1354.022 1351.228 1349.918 1346.807 1343.161 1339.449 1335.943 1332.809 1330.131 1327.965 1326.387 1325.533 1325.558 1325.888 1326.559 1327.541 1328.763 1330.129 1331.54 1332.909 1334.166 1335.241 1336.078 1336.656 1337.061 1337.397 1337.557 1338.592 1338.569 1338.621 1340.204 1341.651 1341.492 1340.293 1339.341 1339.161 1339.436 1339.172 1338.152 1336.842 1335.732 1335.28 1334.467 1333.645 1333.056 1333.05 1333.88 1335.35 1337.121 1338.9 1340.499 1341.823 1342.856 1343.547 1343.841 1343.694 1343.111 1342.142
1374.95 1371.738 1367.537 1362.857 1358.165 1354.011 1351.091 1349.96 1347.169 1343.701 1340.064 1336.571 1333.41 1330.698 1328.512 1326.944 1326.096 1326.01 1326.451 1327.32 1328.516 1329.935 1331.469 1333.016 1334.498 1335.853 1337.023 1337.948 1338.585 1338.985 1339.247 1339.39 1340.098 1340.606 1340.418 1341.586 1343.209 1343.433 1342.397 1341.438 1341.262 1341.565 1341.395 1340.321 1339.045 1337.922 1336.993 1336.582 1335.707 1334.866 1334.531 1334.967 1336.097 1337.655 1339.404 1341.174 1342.796 1344.117 1345.001 1345.387 1345.264 1344.655 1343.602
1373.781 1371.162 1367.413 1362.963 1358.256 1353.771 1350.132 1349.241 1347.042 1343.951 1340.533 1337.154 1334.037 1331.32 1329.11 1327.513 1326.628 1326.504 1327.059 1328.141 1329.592 1331.259 1333.011 1334.734 1336.343 1337.786 1339.025 1340.009 1340.706 1341.087 1341.325 1341.365 1341.836 1342.459 1342.532 1343.364 1344.823 1345.257 1344.437 1343.554 1343.405 1343.79 1343.816 1342.479 1341.128 1340.158 1339.485 1339.081 1337.927 1336.802 1336.139 1336.228 1337.034 1338.31 1339.839 1341.532 1343.243 1344.75 1345.833 1346.373 1346.354 1345.802 1344.766
1373.291 1370.843 1367.467 1363.362 1358.925 1354.711 1351.468 1349.944 1347.348 1344.289 1341.016 1337.761 1334.706 1331.99 1329.734 1328.068 1327.121 1326.988 1327.692 1329.027 1330.773 1332.729 1334.732 1336.65 1338.388 1339.9 1341.171 1342.174 1342.903 1343.317 1343.498 1343.439 1343.806 1344.211 1344.657 1345.457 1346.566 1346.975 1346.368 1345.662 1345.522 1345.794 1345.665 1344.421 1343.107 1342.221 1341.549 1340.707 1339.946 1338.858 1337.999 1337.848 1338.381 1339.322 1340.471 1341.863 1343.445 1344.996 1346.231 1346.964 1347.118 1346.702 1345.771
1373.246 1371.005 1367.972 1364.209 1360.035 1355.937 1352.476 1349.982 1347.538 1344.69 1341.589 1338.459 1335.464 1332.731 1330.397 1328.623 1327.592 1327.47 1328.367 1330.006 1332.09 1334.362 1336.625 1338.733 1340.582 1342.126 1343.38 1344.338 1345.073 1345.569 1345.69 1345.628 1345.634 1346.32 1346.56 1347.677 1348.341 1348.536 1348.198 1347.792 1347.734 1347.893 1347.76 1346.512 1345.296 1344.551 1344.084 1343.5 1342.698 1341.443 1340.331 1340.03 1340.365 1340.952 1341.638 1342.473 1343.706 1345.123 1346.406 1347.292 1347.639 1347.412 1346.65
1373.651 1371.736 1369.029 1365.563 1361.574 1357.431 1353.518 1350.133 1348.142 1345.413 1342.39 1339.341 1336.378 1333.597 1331.139 1329.21 1328.066 1327.966 1329.116 1331.127 1333.596 1336.193 1338.694 1340.96 1342.879 1344.398 1345.594 1346.397 1347.096 1347.797 1347.863 1347.785 1347.7 1348.035 1348.692 1349.925 1350.011 1350.015 1350.01 1349.996 1349.993 1350.007 1349.96 1348.555 1347.669 1347.222 1346.995 1346.707 1346.086 1344.737 1343.191 1342.867 1343.092 1343.283 1343.472 1343.74 1344.327 1345.396 1346.577 1347.515 1347.999 1347.953 1347.396
1374.994 1373.161 1370.663 1367.443 1363.635 1359.538 1355.543 1352.129 1349.815 1346.593 1343.494 1340.491 1337.536 1334.662 1332.019 1329.873 1328.574 1328.503 1329.986 1332.461 1335.365 1338.268 1340.943 1343.309 1345.236 1346.628 1347.791 1348.269 1348.803 1349.959 1350.01 1350.005 1350 1349.988 1350.087 1351.464 1352.032 1352.223 1352.306 1352.313 1352.177 1351.864 1351.267 1350.048 1349.983 1349.983 1349.989 1350 1349.985 1349.483 1346.545 1346.307 1346.458 1346.08 1345.778 1345.514 1345.553 1346.037 1346.95 1347.784 1348.29 1348.364 1347.992
1376.697 1374.996 1372.718 1369.75 1366.147 1362.117 1357.95 1353.927 1350.236 1347.586 1344.851 1342.005 1339.051 1336.022 1333.11 1330.664 1329.155 1329.111 1331.032 1334.089 1337.484 1340.632 1343.338 1345.72 1347.601 1348.624 1349.954 1350.004 1350.069 1351.47 1352.235 1352.624 1352.834 1352.946 1353.216 1354.181 1354.818 1355.081 1355.127 1354.999 1354.661 1354.076 1353.278 1352.416 1352.237 1352.285 1352.381 1352.452 1352.373 1351.73 1350.038 1349.95 1349.899 1348.684 1348.113 1347.436 1347.102 1347.167 1347.661 1348.215 1348.598 1348.693 1348.454
1378.569 1376.994 1374.992 1372.333 1369.008 1365.165 1361.052 1356.938 1353.114 1350.002 1347.066 1344.14 1341.073 1337.778 1334.482 1331.637 1329.848 1329.825 1332.305 1336.092 1340.047 1343.321 1345.762 1348.048 1349.923 1350.08 1351.465 1352.218 1352.877 1354.104 1355.117 1355.804 1356.232 1356.573 1356.891 1357.593 1358.182 1358.437 1358.428 1358.169 1357.639 1356.856 1355.903 1355.024 1354.58 1354.428 1354.388 1354.32 1354.091 1353.486 1352.495 1351.982 1351.295 1350.031 1349.973 1349.062 1348.694 1348.626 1348.619 1348.8 1348.954 1348.986 1348.82
1380.466 1379.008 1377.246 1374.983 1372.035 1368.507 1364.63 1360.655 1356.826 1353.341 1350.031 1346.886 1343.639 1339.959 1336.161 1332.823 1330.689 1330.668 1333.812 1338.484 1343.121 1346.378 1348.02 1350.001 1351.742 1352.653 1353.946 1355.09 1356.193 1357.459 1358.597 1359.467 1360.076 1360.497 1360.93 1361.328 1361.833 1362.063 1361.999 1361.665 1361.033 1360.128 1359.039 1357.97 1357.18 1356.681 1356.345 1356.018 1355.582 1354.958 1354.175 1353.458 1352.58 1351.515 1350.892 1350.011 1349.997 1349.992 1349.509 1349.422 1349.33 1349.27 1349.123
1382.307 1380.944 1379.375 1377.436 1374.975 1371.873 1368.345 1364.619 1360.855 1357.154 1353.533 1350.045 1346.632 1342.458 1338.082 1334.202 1331.693 1331.639 1335.435 1341.061 1346.57 1349.798 1350.186 1352.143 1354.011 1355.463 1356.93 1358.348 1359.739 1361.137 1362.393 1363.394 1364.119 1364.57 1364.911 1365.27 1365.544 1365.74 1365.624 1365.201 1364.522 1363.591 1362.458 1361.236 1360.126 1359.249 1358.549 1357.9 1357.201 1356.429 1355.615 1354.8 1353.89 1352.914 1352.088 1351.329 1350.986 1350.619 1350.004 1349.998 1349.683 1349.584 1349.401
1384.05 1382.753 1381.325 1379.639 1377.553 1374.977 1371.881 1368.487 1364.867 1361.013 1357.052 1353.198 1349.577 1344.922 1340.057 1335.692 1332.827 1332.693 1336.86 1343.163 1349.483 1352.301 1353.388 1355.01 1356.785 1358.456 1360.096 1361.704 1363.285 1364.818 1366.189 1367.293 1368.123 1368.523 1368.744 1368.952 1369.132 1369.303 1369.149 1368.55 1367.776 1366.847 1365.777 1364.558 1363.285 1362.118 1361.102 1360.148 1359.177 1358.183 1357.214 1356.283 1355.342 1354.388 1353.495 1352.713 1352.116 1351.531 1350.9 1350.491 1350.002 1349.999 1349.688
1385.683 1384.422 1383.088 1381.582 1379.78 1377.594 1374.993 1372.014 1368.641 1364.638 1360.17 1355.422 1350.533 1346.772 1341.886 1337.176 1333.989 1333.677 1337.723 1343.884 1349.936 1353.515 1355.674 1357.633 1359.56 1361.41 1363.198 1364.927 1366.606 1368.235 1369.689 1370.829 1371.835 1372.101 1372.166 1372.251 1372.323 1372.448 1372.394 1371.573 1370.676 1369.683 1368.69 1367.593 1366.358 1365.068 1363.851 1362.698 1361.531 1360.336 1359.172 1358.084 1357.056 1356.065 1355.121 1354.26 1353.498 1352.769 1352.067 1351.442 1350.85 1350.468 1350.002
