data/modsim_data/dis_support/top_elev_all.txt
ncols         133
nrows         64
xllcorner     278826.60355005
yllcorner     4343615.4021448
cellsize      400
NODATA_value  -9999
[rows 0 to 27 of 64, columns 63 to 125 of 133]
1375.078 1374.948 1373.719 1372.586 1371.753 1370.845 1369.867 1368.902 1368.011 1367.226 1366.549 1365.967 1365.463 1365.025 1364.644 1364.313 1364.025 1363.781 1363.58 1363.426 1363.317 1363.255 1363.235 1363.247 1363.276 1363.3 1363.303 1363.268 1363.182 1363.039 1362.837 1362.583 1362.275 1361.911 1361.482 1360.976 1360.387 1359.717 1358.973 1358.163 1357.289 1356.351 1355.346 1354.271 1353.135 1351.968 1350.861 1349.999 1349.067 1348.035 1346.909 1345.72 1344.505 1343.289 1342.075 1340.85 1339.603 1338.329 1337.033 1335.723 1334.402 1333.068 1331.711
1373.427 1372.871 1371.978 1371.026 1370.165 1369.304 1368.431 1367.587 1366.811 1366.132 1365.553 1365.066 1364.656 1364.31 1364.015 1363.764 1363.547 1363.36 1363.201 1363.066 1362.957 1362.875 1362.818 1362.784 1362.761 1362.739 1362.702 1362.637 1362.526 1362.359 1362.132 1361.85 1361.515 1361.121 1360.66 1360.12 1359.494 1358.786 1358.009 1357.176 1356.297 1355.373 1354.402 1353.378 1352.296 1351.157 1350.006 1349.263 1348.402 1347.386 1346.248 1345.032 1343.779 1342.514 1341.244 1339.964 1338.668 1337.355 1336.033 1334.711 1333.396 1332.086 1330.778
1371.785 1371 1370.215 1369.4 1368.605 1367.817 1367.043 1366.308 1365.642 1365.065 1364.585 1364.195 1363.881 1363.626 1363.418 1363.247 1363.103 1362.978 1362.869 1362.769 1362.676 1362.592 1362.517 1362.449 1362.382 1362.311 1362.228 1362.121 1361.975 1361.774 1361.514 1361.198 1360.828 1360.402 1359.91 1359.34 1358.685 1357.95 1357.151 1356.309 1355.44 1354.551 1353.645 1352.724 1351.794 1350.877 1349.998 1349.075 1348.076 1346.969 1345.766 1344.497 1343.194 1341.88 1340.561 1339.234 1337.896 1336.548 1335.199 1333.861 1332.545 1331.255 1329.99
1370.227 1369.369 1368.611 1367.873 1367.149 1366.441 1365.757 1365.12 1364.551 1364.068 1363.679 1363.379 1363.153 1362.985 1362.859 1362.763 1362.687 1362.623 1362.564 1362.505 1362.438 1362.365 1362.288 1362.205 1362.109 1361.997 1361.868 1361.716 1361.528 1361.288 1360.99 1360.633 1360.223 1359.76 1359.234 1358.635 1357.955 1357.2 1356.389 1355.547 1354.698 1353.855 1353.025 1352.214 1351.435 1350.708 1350 1349.023 1347.895 1346.675 1345.389 1344.058 1342.704 1341.344 1339.984 1338.62 1337.249 1335.872 1334.5 1333.148 1331.831 1330.558 1329.332
1368.831 1367.964 1367.217 1366.522 1365.854 1365.212 1364.606 1364.052 1363.568 1363.169 1362.862 1362.641 1362.494 1362.403 1362.352 1362.325 1362.31 1362.3 1362.288 1362.267 1362.23 1362.177 1362.108 1362.023 1361.914 1361.775 1361.608 1361.412 1361.181 1360.9 1360.561 1360.161 1359.707 1359.201 1358.637 1358.007 1357.303 1356.531 1355.71 1354.872 1354.043 1353.244 1352.483 1351.762 1351.081 1350.474 1349.997 1348.928 1347.694 1346.385 1345.031 1343.647 1342.251 1340.856 1339.465 1338.074 1336.679 1335.281 1333.893 1332.534 1331.221 1329.967 1328.781
1367.607 1366.766 1366.035 1365.367 1364.74 1364.15 1363.603 1363.117 1362.705 1362.379 1362.144 1361.993 1361.915 1361.893 1361.909 1361.944 1361.986 1362.024 1362.054 1362.068 1362.06 1362.027 1361.971 1361.891 1361.78 1361.627 1361.432 1361.199 1360.928 1360.606 1360.225 1359.782 1359.282 1358.729 1358.123 1357.457 1356.725 1355.934 1355.104 1354.265 1353.451 1352.688 1351.986 1351.335 1350.69 1350.002 1349.503 1348.548 1347.338 1346.01 1344.625 1343.212 1341.79 1340.371 1338.96 1337.552 1336.143 1334.734 1333.338 1331.978 1330.676 1329.448 1328.301
1366.544 1365.751 1365.047 1364.402 1363.803 1363.249 1362.748 1362.312 1361.958 1361.692 1361.519 1361.43 1361.414 1361.455 1361.532 1361.627 1361.723 1361.808 1361.877 1361.923 1361.942 1361.929 1361.886 1361.813 1361.702 1361.542 1361.329 1361.067 1360.759 1360.4 1359.979 1359.492 1358.945 1358.344 1357.691 1356.983 1356.219 1355.405 1354.559 1353.713 1352.903 1352.161 1351.512 1350.961 1350.47 1349.997 1349.167 1348.107 1346.877 1345.541 1344.146 1342.721 1341.287 1339.858 1338.437 1337.021 1335.605 1334.192 1332.796 1331.444 1330.162 1328.967 1327.863
1365.646 1364.906 1364.233 1363.609 1363.028 1362.497 1362.026 1361.626 1361.312 1361.094 1360.972 1360.938 1360.978 1361.077 1361.213 1361.366 1361.516 1361.652 1361.763 1361.844 1361.89 1361.899 1361.868 1361.8 1361.688 1361.522 1361.295 1361.008 1360.669 1360.274 1359.814 1359.286 1358.691 1358.039 1357.335 1356.582 1355.78 1354.938 1354.071 1353.21 1352.387 1351.639 1351.003 1350.496 1350 1349.451 1348.605 1347.535 1346.307 1344.977 1343.585 1342.16 1340.726 1339.295 1337.873 1336.456 1335.041 1333.629 1332.241 1330.904 1329.651 1328.5 1327.463
1364.938 1364.235 1363.581 1362.968 1362.396 1361.876 1361.42 1361.042 1360.755 1360.569 1360.487 1360.499 1360.591 1360.744 1360.938 1361.149 1361.357 1361.546 1361.706 1361.828 1361.907 1361.94 1361.926 1361.863 1361.749 1361.574 1361.331 1361.021 1360.652 1360.223 1359.727 1359.156 1358.514 1357.808 1357.049 1356.245 1355.402 1354.527 1353.639 1352.761 1351.92 1351.141 1350.472 1350 1349.465 1348.815 1347.942 1346.87 1345.65 1344.329 1342.945 1341.526 1340.096 1338.67 1337.252 1335.841 1334.431 1333.028 1331.652 1330.337 1329.117 1328.016 1327.045
1364.44 1363.744 1363.086 1362.466 1361.889 1361.367 1360.913 1360.542 1360.269 1360.104 1360.051 1360.101 1360.24 1360.445 1360.696 1360.966 1361.234 1361.481 1361.695 1361.865 1361.985 1362.05 1362.056 1362.003 1361.887 1361.702 1361.441 1361.106 1360.706 1360.243 1359.709 1359.097 1358.405 1357.642 1356.824 1355.964 1355.074 1354.167 1353.261 1352.378 1351.538 1350.744 1350.002 1349.532 1348.942 1348.191 1347.254 1346.155 1344.927 1343.608 1342.228 1340.815 1339.392 1337.974 1336.567 1335.165 1333.766 1332.377 1331.02 1329.731 1328.548 1327.497 1326.587
1364.158 1363.432 1362.741 1362.092 1361.491 1360.951 1360.486 1360.11 1359.841 1359.687 1359.655 1359.738 1359.919 1360.176 1360.484 1360.814 1361.143 1361.45 1361.723 1361.948 1362.115 1362.216 1362.248 1362.208 1362.095 1361.901 1361.623 1361.262 1360.829 1360.328 1359.756 1359.1 1358.357 1357.536 1356.653 1355.731 1354.788 1353.846 1352.926 1352.058 1351.272 1350.591 1350 1349.32 1348.526 1347.609 1346.565 1345.403 1344.144 1342.811 1341.429 1340.02 1338.606 1337.201 1335.809 1334.424 1333.042 1331.673 1330.342 1329.086 1327.944 1326.948 1326.132
1364.077 1363.288 1362.536 1361.831 1361.186 1360.611 1360.12 1359.729 1359.454 1359.307 1359.294 1359.406 1359.63 1359.938 1360.303 1360.696 1361.087 1361.457 1361.791 1362.072 1362.288 1362.43 1362.49 1362.466 1362.358 1362.161 1361.868 1361.483 1361.016 1360.475 1359.858 1359.156 1358.361 1357.478 1356.527 1355.536 1354.533 1353.548 1352.609 1351.748 1351.002 1350.412 1349.998 1349.111 1348.101 1347.012 1345.844 1344.599 1343.289 1341.927 1340.533 1339.126 1337.725 1336.34 1334.972 1333.613 1332.258 1330.92 1329.625 1328.412 1327.314 1326.353 1325.552
1364.153 1363.281 1362.448 1361.667 1360.956 1360.328 1359.798 1359.381 1359.094 1358.953 1358.96 1359.107 1359.375 1359.737 1360.162 1360.617 1361.073 1361.508 1361.902 1362.24 1362.505 1362.685 1362.773 1362.766 1362.664 1362.465 1362.163 1361.757 1361.256 1360.673 1360.008 1359.255 1358.403 1357.456 1356.435 1355.371 1354.301 1353.263 1352.293 1351.421 1350.664 1350.002 1349.518 1348.637 1347.536 1346.325 1345.047 1343.715 1342.341 1340.938 1339.525 1338.119 1336.736 1335.38 1334.049 1332.73 1331.419 1330.127 1328.885 1327.734 1326.71 1325.818 1325.003
1364.322 1363.36 1362.437 1361.57 1360.778 1360.083 1359.501 1359.05 1358.75 1358.615 1358.647 1358.836 1359.156 1359.576 1360.063 1360.584 1361.108 1361.607 1362.062 1362.454 1362.764 1362.979 1363.092 1363.1 1363.003 1362.802 1362.492 1362.07 1361.539 1360.912 1360.195 1359.384 1358.47 1357.456 1356.363 1355.223 1354.082 1352.986 1351.981 1351.114 1350.439 1349.997 1349.159 1348.09 1346.858 1345.531 1344.146 1342.726 1341.282 1339.831 1338.393 1336.988 1335.628 1334.315 1333.037 1331.779 1330.532 1329.309 1328.137 1327.067 1326.167 1325.507 1324.997
1364.515 1363.464 1362.452 1361.496 1360.619 1359.849 1359.209 1358.723 1358.41 1358.286 1358.353 1358.593 1358.972 1359.456 1360.01 1360.599 1361.191 1361.755 1362.268 1362.711 1363.063 1363.308 1363.441 1363.46 1363.368 1363.164 1362.846 1362.409 1361.851 1361.182 1360.408 1359.533 1358.55 1357.463 1356.294 1355.079 1353.866 1352.708 1351.656 1350.752 1350.003 1349.48 1348.578 1347.401 1346.055 1344.614 1343.124 1341.612 1340.095 1338.592 1337.129 1335.727 1334.399 1333.144 1331.941 1330.769 1329.614 1328.485 1327.401 1326.4 1325.553 1325 1324.503
1364.67 1363.538 1362.442 1361.401 1360.442 1359.598 1358.902 1358.384 1358.066 1357.965 1358.076 1358.375 1358.822 1359.375 1359.999 1360.658 1361.318 1361.946 1362.512 1363 1363.389 1363.661 1363.81 1363.838 1363.75 1363.545 1363.22 1362.767 1362.182 1361.47 1360.638 1359.691 1358.63 1357.464 1356.217 1354.927 1353.649 1352.438 1351.357 1350.502 1349.996 1349.085 1347.949 1346.614 1345.135 1343.572 1341.97 1340.362 1338.768 1337.215 1335.73 1334.339 1333.057 1331.877 1330.774 1329.715 1328.685 1327.69 1326.733 1325.829 1325.003 1324.537 1324.027
1364.735 1363.533 1362.363 1361.245 1360.211 1359.303 1358.561 1358.022 1357.713 1357.648 1357.816 1358.184 1358.703 1359.327 1360.022 1360.751 1361.479 1362.165 1362.781 1363.309 1363.729 1364.023 1364.185 1364.221 1364.137 1363.935 1363.606 1363.139 1362.526 1361.769 1360.874 1359.849 1358.701 1357.447 1356.117 1354.757 1353.421 1352.162 1351.016 1350.004 1349.419 1348.459 1347.196 1345.72 1344.102 1342.405 1340.681 1338.968 1337.297 1335.698 1334.201 1332.835 1331.614 1330.53 1329.554 1328.637 1327.76 1326.943 1326.17 1325.505 1324.998 1324.331 1323.691
1364.676 1363.419 1362.186 1361.001 1359.905 1358.946 1358.175 1357.633 1357.35 1357.337 1357.575 1358.018 1358.61 1359.305 1360.069 1360.867 1361.658 1362.399 1363.059 1363.62 1364.066 1364.38 1364.555 1364.598 1364.521 1364.324 1363.995 1363.517 1362.876 1362.072 1361.108 1359.995 1358.751 1357.4 1355.982 1354.552 1353.178 1351.932 1350.876 1350 1349.063 1347.848 1346.385 1344.736 1342.961 1341.117 1339.258 1337.433 1335.684 1334.049 1332.559 1331.236 1330.097 1329.129 1328.312 1327.557 1326.836 1326.219 1325.575 1325 1324.542 1323.958 1323.341
1364.472 1363.176 1361.896 1360.66 1359.514 1358.522 1357.742 1357.219 1356.981 1357.034 1357.351 1357.872 1358.535 1359.297 1360.127 1360.99 1361.839 1362.63 1363.329 1363.921 1364.39 1364.722 1364.911 1364.965 1364.896 1364.706 1364.379 1363.891 1363.224 1362.368 1361.329 1360.12 1358.766 1357.306 1355.791 1354.284 1352.862 1351.611 1350.635 1349.992 1348.704 1347.187 1345.493 1343.656 1341.714 1339.713 1337.711 1335.768 1333.945 1332.29 1330.835 1329.583 1328.552 1327.709 1327.097 1326.525 1325.918 1325.561 1325.001 1324.5 1324.032 1323.509 1322.963
1364.112 1362.797 1361.488 1360.219 1359.046 1358.043 1357.276 1356.792 1356.616 1356.747 1357.144 1357.739 1358.467 1359.29 1360.18 1361.102 1362.006 1362.844 1363.581 1364.204 1364.697 1365.048 1365.255 1365.322 1365.263 1365.081 1364.756 1364.257 1363.557 1362.644 1361.521 1360.204 1358.731 1357.15 1355.529 1353.939 1352.452 1351.128 1350.008 1349.254 1347.956 1346.313 1344.457 1342.455 1340.353 1338.198 1336.054 1333.995 1332.105 1330.459 1329.089 1327.939 1327.064 1326.313 1325.979 1325.633 1325.005 1324.997 1324.476 1323.958 1323.482 1323.011 1322.56
1363.599 1362.285 1360.968 1359.688 1358.514 1357.526 1356.795 1356.37 1356.27 1356.482 1356.955 1357.613 1358.393 1359.265 1360.207 1361.183 1362.141 1363.026 1363.805 1364.465 1364.989 1365.365 1365.593 1365.675 1365.628 1365.451 1365.121 1364.604 1363.863 1362.881 1361.661 1360.226 1358.621 1356.911 1355.181 1353.522 1352.018 1350.767 1349.989 1348.686 1347.1 1345.279 1343.273 1341.126 1338.879 1336.584 1334.31 1332.147 1330.206 1328.607 1327.417 1326.391 1325.798 1325.009 1324.999 1324.993 1324.39 1324.088 1323.664 1323.231 1322.825 1322.448 1322.123
1362.943 1361.654 1360.352 1359.088 1357.938 1356.993 1356.324 1355.975 1355.956 1356.245 1356.781 1357.483 1358.297 1359.203 1360.186 1361.212 1362.224 1363.164 1363.997 1364.707 1365.273 1365.683 1365.933 1366.032 1365.991 1365.811 1365.466 1364.915 1364.116 1363.048 1361.717 1360.152 1358.407 1356.558 1354.714 1352.994 1351.458 1350.016 1349.114 1347.727 1346.005 1344.056 1341.932 1339.665 1337.298 1334.889 1332.516 1330.277 1328.303 1326.786 1325.982 1325.015 1324.987 1324.244 1323.906 1323.689 1323.263 1322.939 1322.627 1322.33 1322.056 1321.819 1321.65
1362.161 1360.924 1359.665 1358.444 1357.346 1356.47 1355.884 1355.624 1355.687 1356.039 1356.614 1357.334 1358.157 1359.077 1360.086 1361.155 1362.226 1363.237 1364.144 1364.925 1365.552 1366.002 1366.276 1366.381 1366.335 1366.137 1365.759 1365.153 1364.273 1363.096 1361.64 1359.941 1358.053 1356.058 1354.09 1352.353 1351.056 1349.978 1348.378 1346.617 1344.707 1342.645 1340.43 1338.072 1335.613 1333.128 1330.709 1328.46 1326.498 1325.031 1324.975 1324.107 1323.653 1323.024 1322.553 1322.208 1321.877 1321.638 1321.466 1321.329 1321.218 1321.145 1321.148
1361.279 1360.123 1358.934 1357.782 1356.763 1355.978 1355.493 1355.328 1355.466 1355.859 1356.439 1357.142 1357.942 1358.848 1359.865 1360.966 1362.105 1363.21 1364.223 1365.103 1365.808 1366.305 1366.589 1366.678 1366.602 1366.364 1365.933 1365.248 1364.256 1362.945 1361.353 1359.534 1357.527 1355.386 1353.23 1351.292 1349.997 1348.701 1347.005 1345.121 1343.13 1341.02 1338.758 1336.339 1333.815 1331.295 1328.9 1326.759 1324.996 1323.729 1323.271 1322.625 1322.078 1321.51 1321.03 1320.678 1320.437 1320.32 1320.295 1320.315 1320.363 1320.451 1320.616
1360.327 1359.279 1358.185 1357.124 1356.203 1355.529 1355.156 1355.089 1355.287 1355.689 1356.229 1356.865 1357.6 1358.458 1359.452 1360.572 1361.785 1363.018 1364.178 1365.189 1365.985 1366.519 1366.786 1366.817 1366.667 1366.36 1365.858 1365.075 1363.945 1362.472 1360.738 1358.845 1356.797 1354.591 1352.308 1350.056 1348.659 1347.081 1345.228 1343.262 1341.261 1339.174 1336.914 1334.456 1331.881 1329.348 1327.011 1325 1323.391 1322.226 1321.543 1320.94 1320.395 1319.884 1319.461 1319.184 1319.064 1319.085 1319.198 1319.347 1319.517 1319.73 1320.018
1359.343 1358.424 1357.437 1356.474 1355.659 1355.107 1354.858 1354.887 1355.126 1355.495 1355.934 1356.436 1357.054 1357.821 1358.749 1359.855 1361.143 1362.544 1363.9 1365.068 1365.952 1366.493 1366.688 1366.592 1366.301 1365.891 1365.315 1364.443 1363.164 1361.5 1359.614 1357.732 1355.777 1353.669 1351.657 1349.931 1347.62 1345.361 1343.145 1341.045 1339.082 1337.1 1334.901 1332.417 1329.788 1327.255 1325.003 1323.146 1321.682 1320.596 1319.852 1319.256 1318.732 1318.276 1317.939 1317.781 1317.807 1317.969 1318.192 1318.414 1318.636 1318.9 1319.244
1358.358 1357.579 1356.694 1355.811 1355.09 1354.662 1354.543 1354.667 1354.929 1355.217 1355.474 1355.746 1356.191 1356.818 1357.621 1358.648 1359.984 1361.608 1363.207 1364.532 1365.464 1365.95 1365.989 1365.662 1365.131 1364.586 1363.97 1363.068 1361.682 1359.804 1357.722 1355.995 1354.267 1352.131 1350.021 1348.086 1345.661 1343.08 1340.568 1338.347 1336.517 1334.773 1332.727 1330.211 1327.513 1325.007 1322.894 1321.201 1319.896 1318.918 1318.208 1317.64 1317.144 1316.737 1316.49 1316.464 1316.639 1316.922 1317.202 1317.41 1317.571 1317.77 1318.073
1357.389 1356.75 1355.94 1355.084 1354.406 1354.092 1354.104 1354.32 1354.59 1354.76 1354.738 1354.629 1354.854 1355.304 1355.902 1356.733 1358.033 1359.958 1361.824 1363.239 1364.108 1364.442 1364.228 1363.532 1362.604 1361.9 1361.329 1360.545 1359.203 1357.154 1354.752 1353.472 1352.282 1350.054 1347.901 1345.649 1343.053 1340.214 1337.38 1334.988 1333.432 1332.13 1330.382 1327.801 1325.025 1322.619 1320.651 1319.149 1318.042 1317.217 1316.601 1316.079 1315.6 1315.215 1315.033 1315.126 1315.427 1315.785 1316.038 1316.106 1316.04 1315.999 1316.143
