data/modsim_data/dis_support/top_elev_all.txt
ncols         133
nrows         64
xllcorner     278826.60355005
yllcorner     4343615.4021448
cellsize      400
NODATA_value  -9999
[rows 0 to 27 of 64, columns 0 to 62 of 133]
1588.616 1584.164 1579.538 1574.603 1569.21 1563.276 1556.873 1550.23 1543.614 1537.25 1531.209 1525.271 1518.918 1511.384 1501.837 1490.453 1476.24 1462.214 1451.149 1443.185 1436.204 1430.369 1425.673 1421.963 1419.049 1416.754 1414.928 1413.448 1412.213 1411.154 1410.23 1409.423 1408.73 1408.161 1407.729 1407.433 1407.268 1407.235 1407.336 1407.552 1407.84 1408.146 1408.416 1408.623 1408.763 1408.844 1408.863 1408.803 1408.635 1408.298 1407.711 1406.788 1405.489 1403.839 1401.932 1399.836 1396.589 1393.244 1389.811 1386.341 1382.959 1379.816 1377.089
1587.723 1583.211 1578.547 1573.597 1568.228 1562.361 1556.041 1549.459 1542.851 1536.38 1530.12 1523.856 1517.059 1508.949 1498.618 1484.606 1469.052 1454.7 1444.91 1437.647 1431.628 1426.598 1422.49 1419.212 1416.635 1414.621 1413.033 1411.751 1410.678 1409.741 1408.907 1408.167 1407.529 1407.01 1406.626 1406.38 1406.263 1406.267 1406.391 1406.615 1406.896 1407.178 1407.412 1407.581 1407.697 1407.779 1407.822 1407.797 1407.659 1407.344 1406.747 1405.731 1404.245 1402.316 1399.991 1397.237 1393.766 1390.185 1386.694 1383.316 1380.137 1377.305 1375
1586.306 1581.869 1577.254 1572.344 1567.027 1561.24 1554.997 1548.441 1541.77 1535.106 1528.487 1521.739 1514.353 1505.575 1494.436 1478.601 1462.451 1449.355 1439.774 1432.734 1427.215 1422.754 1419.157 1416.309 1414.096 1412.394 1411.072 1410.01 1409.11 1408.303 1407.561 1406.889 1406.307 1405.843 1405.515 1405.324 1405.254 1405.29 1405.425 1405.638 1405.889 1406.123 1406.295 1406.398 1406.465 1406.535 1406.594 1406.584 1406.444 1406.105 1405.465 1404.253 1402.41 1399.981 1397.022 1393.716 1390.129 1386.627 1383.388 1380.301 1377.45 1375.008 1373.113
1584.47 1580.2 1575.717 1570.906 1565.676 1559.977 1553.798 1547.231 1540.424 1533.479 1526.368 1518.923 1510.635 1500.689 1487.73 1471.646 1455.588 1443.99 1435.155 1428.436 1423.229 1419.133 1415.913 1413.423 1411.543 1410.148 1409.099 1408.264 1407.543 1406.868 1406.215 1405.602 1405.072 1404.668 1404.405 1404.273 1404.248 1404.309 1404.441 1404.626 1404.827 1404.992 1405.077 1405.08 1405.06 1405.106 1405.173 1405.161 1404.968 1404.531 1403.865 1402.344 1399.98 1396.891 1393.383 1389.696 1386.055 1382.799 1380.114 1377.463 1375.016 1373.012 1371.419
1582.384 1578.321 1574.018 1569.359 1564.241 1558.631 1552.5 1545.892 1538.895 1531.608 1523.951 1515.714 1506.524 1496.04 1481.627 1465.806 1451.254 1440.062 1431.431 1424.826 1419.761 1415.867 1412.889 1410.661 1409.057 1407.946 1407.162 1406.553 1406.008 1405.46 1404.889 1404.321 1403.827 1403.49 1403.301 1403.23 1403.245 1403.319 1403.436 1403.58 1403.72 1403.807 1403.79 1403.655 1403.486 1403.501 1403.58 1403.558 1403.254 1402.551 1401.983 1399.988 1396.939 1393.289 1389.383 1385.478 1381.847 1378.913 1377.183 1375.023 1373.036 1371.329 1369.931
1580.199 1576.342 1572.243 1567.767 1562.785 1557.259 1551.152 1544.478 1537.283 1529.643 1521.495 1512.448 1501.925 1490.12 1475.478 1460.287 1447.675 1436.776 1428.253 1421.717 1416.735 1412.959 1410.13 1408.074 1406.677 1405.825 1405.295 1404.9 1404.524 1404.101 1403.607 1403.063 1402.566 1402.308 1402.203 1402.189 1402.229 1402.301 1402.39 1402.487 1402.568 1402.591 1402.491 1402.203 1401.766 1401.763 1401.853 1401.847 1401.455 1400.105 1399.812 1397.063 1393.402 1389.371 1385.306 1381.417 1377.915 1375.214 1374.877 1373.127 1371.383 1369.876 1368.626
1578.006 1574.346 1570.453 1566.174 1561.348 1555.9 1549.794 1543.021 1535.639 1527.726 1519.351 1510.199 1499.55 1486.078 1470.393 1454.652 1443.035 1433.234 1425.232 1418.915 1414.051 1410.376 1407.642 1405.673 1404.401 1403.798 1403.507 1403.305 1403.083 1402.788 1402.387 1401.861 1401.281 1401.13 1401.109 1401.129 1401.168 1401.216 1401.265 1401.313 1401.348 1401.345 1401.246 1400.905 1400.021 1399.997 1400.002 1400.012 1399.907 1398.087 1396.312 1393.227 1389.374 1385.299 1381.418 1377.921 1375.006 1373.006 1372.271 1371.091 1369.777 1368.544 1367.465
1575.846 1572.371 1568.676 1564.591 1559.939 1554.579 1548.46 1541.551 1533.937 1525.753 1517.199 1508.245 1498.164 1483.816 1467.588 1451.881 1440.08 1430.499 1422.682 1416.464 1411.679 1408.096 1405.43 1403.466 1402.189 1401.856 1401.774 1401.716 1401.623 1401.472 1401.227 1400.802 1400.009 1399.998 1399.999 1400 1400 1400 1400 1400 1400 1400.001 1400.004 1399.977 1398.949 1398.353 1397.951 1397.545 1396.798 1394.926 1392.471 1389.149 1385.257 1381.325 1377.896 1375.01 1372.76 1371.207 1370.314 1369.387 1368.384 1367.392 1366.472
1573.719 1570.415 1566.904 1563.007 1558.536 1553.295 1547.181 1540.137 1532.225 1523.645 1514.656 1505.561 1496.408 1482.268 1466.275 1450.849 1438.601 1428.7 1420.685 1414.357 1409.571 1406.087 1403.516 1401.521 1400.036 1399.985 1399.994 1399.997 1399.999 1400 1400.002 1399.986 1399.248 1398.924 1398.772 1398.682 1398.614 1398.557 1398.513 1398.481 1398.458 1398.428 1398.346 1398.075 1397.223 1396.379 1395.594 1394.72 1393.469 1391.451 1388.755 1385.364 1381.523 1377.775 1375.002 1372.83 1371.132 1369.882 1368.994 1368.178 1367.343 1366.504 1365.696
1571.595 1568.449 1565.108 1561.388 1557.102 1552.023 1545.981 1538.891 1530.764 1521.777 1512.132 1502.109 1493.53 1480.884 1465.707 1450.576 1437.942 1427.543 1419.092 1412.461 1407.577 1404.228 1401.847 1399.976 1398.456 1397.961 1397.853 1397.89 1397.994 1398.128 1398.25 1398.259 1397.875 1397.563 1397.351 1397.196 1397.067 1396.956 1396.865 1396.796 1396.734 1396.636 1396.426 1395.979 1395.155 1394.17 1393.11 1391.898 1390.35 1388.259 1385.588 1382.362 1378.745 1375.154 1373.148 1371.543 1370.209 1369.137 1368.272 1367.486 1366.71 1365.935 1365.173
1569.429 1566.426 1563.245 1559.695 1555.593 1550.714 1544.845 1537.881 1529.845 1520.94 1511.485 1501.839 1493.704 1481.18 1465.99 1450.697 1437.672 1426.734 1417.713 1410.592 1405.455 1402.237 1399.956 1397.944 1396.469 1395.755 1395.525 1395.558 1395.727 1395.949 1396.15 1396.232 1396.095 1395.906 1395.729 1395.566 1395.408 1395.258 1395.126 1395.017 1394.908 1394.746 1394.442 1393.895 1393.044 1391.968 1390.735 1389.333 1387.665 1385.63 1383.202 1380.448 1377.582 1374.973 1372.883 1371.292 1370.021 1368.976 1368.083 1367.265 1366.473 1365.689 1364.914
1567.166 1564.296 1561.27 1557.884 1553.965 1549.299 1543.679 1536.981 1529.284 1520.895 1512.356 1504.212 1496.422 1482.586 1466.646 1450.933 1437.556 1426.131 1416.49 1408.692 1403.017 1399.892 1397.421 1395.492 1394.13 1393.379 1393.098 1393.125 1393.331 1393.617 1393.891 1394.072 1394.111 1394.062 1393.969 1393.844 1393.694 1393.531 1393.373 1393.23 1393.083 1392.877 1392.527 1391.942 1391.077 1389.966 1388.655 1387.173 1385.502 1383.607 1381.49 1379.231 1377 1374.993 1373.122 1371.592 1370.335 1369.263 1368.309 1367.422 1366.566 1365.724 1364.892
1564.752 1562.011 1559.139 1555.922 1552.18 1547.717 1542.348 1535.939 1528.563 1520.514 1512.279 1504.288 1496.298 1482.388 1466.551 1450.944 1437.49 1425.761 1415.607 1407.079 1400.461 1397.148 1394.794 1393.006 1391.745 1391.004 1390.7 1390.716 1390.938 1391.264 1391.604 1391.883 1392.057 1392.138 1392.146 1392.093 1391.986 1391.84 1391.679 1391.518 1391.349 1391.124 1390.766 1390.194 1389.357 1388.265 1386.959 1385.486 1383.87 1382.129 1380.289 1378.413 1376.616 1374.998 1373.474 1372.119 1370.914 1369.82 1368.802 1367.831 1366.889 1365.963 1365.05
1562.151 1559.544 1556.822 1553.782 1550.218 1545.936 1540.775 1534.607 1527.441 1519.453 1510.842 1501.694 1492.83 1480.203 1465.52 1450.705 1437.517 1425.744 1415.403 1406.692 1399.984 1395.76 1392.944 1390.976 1389.641 1388.839 1388.479 1388.456 1388.662 1389.002 1389.388 1389.745 1390.026 1390.22 1390.333 1390.369 1390.332 1390.234 1390.097 1389.941 1389.768 1389.545 1389.209 1388.686 1387.919 1386.9 1385.658 1384.251 1382.728 1381.127 1379.492 1377.874 1376.345 1374.998 1373.855 1372.726 1371.599 1370.495 1369.418 1368.365 1367.331 1366.314 1365.31
1559.349 1556.891 1554.313 1551.451 1548.067 1543.955 1538.96 1532.982 1526.006 1518.171 1509.625 1500.378 1490.313 1477.994 1464.268 1450.432 1437.671 1425.994 1415.615 1406.838 1399.979 1395.146 1391.813 1389.514 1387.969 1387.02 1386.548 1386.442 1386.597 1386.918 1387.32 1387.728 1388.086 1388.372 1388.58 1388.711 1388.763 1388.739 1388.655 1388.531 1388.376 1388.174 1387.877 1387.422 1386.753 1385.844 1384.711 1383.406 1381.99 1380.519 1379.037 1377.592 1376.224 1375.005 1374.317 1373.36 1372.276 1371.155 1370.029 1368.906 1367.789 1366.684 1365.591
1556.353 1554.062 1551.62 1548.919 1545.712 1541.771 1536.919 1531.072 1524.231 1516.552 1508.284 1499.463 1488.415 1475.939 1462.909 1450.146 1437.848 1426.282 1415.878 1407.045 1400.033 1394.889 1391.167 1388.529 1386.726 1385.58 1384.956 1384.734 1384.805 1385.073 1385.457 1385.882 1386.288 1386.639 1386.926 1387.146 1387.294 1387.363 1387.358 1387.292 1387.179 1387.013 1386.765 1386.386 1385.823 1385.042 1384.042 1382.861 1381.56 1380.207 1378.858 1377.575 1376.433 1375.537 1374.995 1373.954 1372.836 1371.692 1370.529 1369.354 1368.173 1366.995 1365.825
1553.176 1551.073 1548.757 1546.18 1543.12 1539.344 1534.649 1528.896 1522.055 1514.25 1505.865 1497.559 1485.959 1473.399 1461.026 1449.628 1437.822 1426.32 1415.865 1407.042 1400.082 1394.792 1390.786 1387.86 1385.817 1384.478 1383.696 1383.344 1383.312 1383.503 1383.838 1384.247 1384.667 1385.056 1385.398 1385.692 1385.932 1386.103 1386.194 1386.208 1386.155 1386.041 1385.848 1385.543 1385.082 1384.426 1383.563 1382.512 1381.328 1380.075 1378.824 1377.642 1376.596 1375.732 1375.001 1374.14 1373.129 1372.02 1370.849 1369.642 1368.416 1367.185 1365.956
1549.823 1547.918 1545.709 1543.205 1540.239 1536.593 1532.089 1526.515 1519.686 1511.505 1502.087 1493.427 1482.317 1470.024 1458.162 1448.55 1437.336 1425.832 1415.235 1406.504 1400.031 1394.643 1390.422 1387.302 1385.102 1383.628 1382.722 1382.255 1382.118 1382.219 1382.481 1382.843 1383.246 1383.644 1384.017 1384.365 1384.681 1384.949 1385.144 1385.252 1385.277 1385.224 1385.09 1384.853 1384.479 1383.932 1383.192 1382.264 1381.185 1380.016 1378.827 1377.689 1376.666 1375.786 1375 1374.192 1373.233 1372.144 1370.967 1369.737 1368.481 1367.214 1365.944
1546.281 1544.556 1542.408 1539.895 1536.935 1533.357 1529.053 1523.86 1517.508 1509.795 1500.585 1490.744 1479.234 1466.849 1454.801 1446.948 1436.435 1424.708 1413.669 1404.837 1399.354 1393.968 1389.76 1386.659 1384.457 1382.951 1381.983 1381.433 1381.205 1381.212 1381.387 1381.679 1382.037 1382.418 1382.799 1383.177 1383.55 1383.901 1384.194 1384.401 1384.511 1384.526 1384.45 1384.272 1383.968 1383.506 1382.864 1382.036 1381.046 1379.942 1378.789 1377.66 1376.625 1375.744 1375.001 1374.174 1373.185 1372.07 1370.871 1369.622 1368.348 1367.062 1365.769
1542.508 1540.895 1538.708 1536.045 1532.936 1529.297 1525.096 1520.316 1514.72 1508.083 1499.646 1488.74 1476.93 1465.531 1455.663 1447.861 1435.991 1423.159 1411.242 1401.58 1396.489 1392.174 1388.616 1385.868 1383.846 1382.416 1381.45 1380.853 1380.546 1380.462 1380.543 1380.747 1381.038 1381.381 1381.751 1382.141 1382.552 1382.965 1383.341 1383.639 1383.832 1383.915 1383.891 1383.761 1383.509 1383.107 1382.532 1381.775 1380.848 1379.789 1378.656 1377.514 1376.44 1375.545 1374.997 1374.031 1372.942 1371.771 1370.543 1369.281 1368.004 1366.717 1365.419
1538.44 1536.788 1534.389 1531.349 1527.829 1523.893 1519.538 1514.916 1509.795 1504.277 1496.57 1484.989 1473.22 1462.836 1454.388 1446.585 1434.065 1420.843 1409.084 1400.285 1394.744 1390.673 1387.546 1385.159 1383.372 1382.063 1381.131 1380.501 1380.121 1379.942 1379.921 1380.026 1380.235 1380.524 1380.87 1381.262 1381.695 1382.151 1382.589 1382.959 1383.223 1383.366 1383.387 1383.291 1383.068 1382.7 1382.161 1381.442 1380.55 1379.518 1378.396 1377.242 1376.099 1375.007 1374.41 1373.497 1372.395 1371.2 1369.959 1368.702 1367.44 1366.174 1364.895
1533.966 1532.037 1529.164 1525.43 1521.125 1516.557 1511.649 1506.786 1501.27 1496.28 1487.967 1477.406 1466.69 1457.527 1450.067 1441.726 1430.004 1417.272 1406.204 1399.101 1393.455 1389.549 1386.774 1384.72 1383.158 1381.962 1381.052 1380.378 1379.91 1379.623 1379.489 1379.486 1379.603 1379.828 1380.144 1380.532 1380.979 1381.463 1381.941 1382.36 1382.675 1382.861 1382.914 1382.835 1382.622 1382.259 1381.726 1381.011 1380.121 1379.089 1377.976 1376.86 1375.841 1374.992 1373.9 1372.761 1371.573 1370.349 1369.111 1367.878 1366.656 1365.437 1364.203
1528.88 1526.366 1522.693 1517.871 1512.311 1506.775 1500.83 1495.608 1489.077 1483.243 1476.084 1467.515 1458.601 1451.431 1445.817 1437.617 1426.085 1413.32 1402.075 1395.982 1391.662 1388.604 1386.387 1384.689 1383.318 1382.181 1381.243 1380.483 1379.894 1379.473 1379.208 1379.088 1379.109 1379.267 1379.549 1379.933 1380.392 1380.894 1381.393 1381.837 1382.177 1382.385 1382.45 1382.372 1382.148 1381.764 1381.203 1380.454 1379.525 1378.45 1377.286 1376.111 1375.001 1373.999 1372.844 1371.639 1370.42 1369.201 1367.995 1366.815 1365.66 1364.516 1363.356
1522.813 1519.371 1514.581 1508.244 1500.827 1494.126 1486.668 1480.102 1473.498 1468.409 1463.489 1457.834 1451.773 1449.026 1444.731 1436.189 1424.028 1411.042 1400.422 1394.429 1390.806 1388.43 1386.684 1385.239 1383.947 1382.768 1381.713 1380.8 1380.045 1379.457 1379.042 1378.795 1378.717 1378.807 1379.056 1379.437 1379.907 1380.421 1380.926 1381.37 1381.709 1381.914 1381.972 1381.877 1381.622 1381.195 1380.575 1379.752 1378.738 1377.568 1376.297 1375 1373.751 1372.571 1371.359 1370.14 1368.938 1367.76 1366.62 1365.525 1364.471 1363.433 1362.378
1515.143 1510.39 1504.308 1496.162 1486.263 1477.335 1470.074 1463.87 1457.657 1454.162 1451.771 1449.733 1448.67 1449.418 1446.487 1437.242 1423.65 1409.832 1399.955 1394.362 1391.299 1389.387 1387.885 1386.477 1385.079 1383.71 1382.428 1381.284 1380.311 1379.529 1378.948 1378.568 1378.392 1378.419 1378.637 1379.011 1379.491 1380.011 1380.509 1380.931 1381.241 1381.416 1381.444 1381.316 1381.017 1380.528 1379.82 1378.884 1377.74 1376.425 1374.999 1373.536 1372.132 1370.811 1369.541 1368.325 1367.164 1366.059 1365.016 1364.039 1363.117 1362.219 1361.302
1504.966 1498.281 1490.906 1480.711 1469.809 1460.309 1454.692 1450.38 1446.659 1443.614 1440.523 1438.42 1441.176 1447.732 1448.491 1439.222 1423.902 1408.531 1399.916 1395.598 1393.307 1391.666 1390.084 1388.402 1386.648 1384.915 1383.291 1381.845 1380.616 1379.623 1378.874 1378.368 1378.101 1378.071 1378.26 1378.627 1379.108 1379.625 1380.102 1380.48 1380.732 1380.849 1380.826 1380.649 1380.295 1379.737 1378.915 1377.826 1376.505 1374.998 1373.369 1371.74 1370.196 1368.768 1367.457 1366.257 1365.157 1364.146 1363.226 1362.395 1361.637 1360.912 1360.164
1491.235 1481.317 1472.705 1463.845 1454.747 1448.576 1444.318 1438.359 1432.745 1426.971 1420.6 1394 1394 1446.095 1446.962 1440.294 1424.501 1407.288 1401.381 1398.977 1397.274 1395.397 1393.215 1390.845 1388.456 1386.188 1384.135 1382.349 1380.856 1379.663 1378.764 1378.15 1377.811 1377.735 1377.897 1378.25 1378.723 1379.224 1379.664 1379.977 1380.139 1380.165 1380.072 1379.832 1379.413 1378.796 1377.834 1376.545 1374.997 1373.248 1371.428 1369.651 1367.995 1366.496 1365.166 1364 1362.979 1362.083 1361.304 1360.642 1360.075 1359.553 1359.003
1473.12 1462.095 1454.619 1448.558 1442.008 1436.722 1431.954 1425.952 1419.327 1412.046 1404.474 1394 1393 1392.5 1447.38 1449.045 1427.599 1412.077 1408.227 1406.171 1403.61 1400.413 1396.904 1393.407 1390.146 1387.241 1384.737 1382.632 1380.914 1379.563 1378.557 1377.872 1377.487 1377.378 1377.513 1377.845 1378.297 1378.768 1379.156 1379.382 1379.42 1379.316 1379.14 1378.82 1378.311 1377.689 1376.545 1374.999 1373.171 1371.201 1369.217 1367.323 1365.589 1364.054 1362.734 1361.625 1360.702 1359.935 1359.311 1358.828 1358.469 1358.173 1357.845
