data/modsim_data/dis_support/top_elev_all.txt
ncols         133
nrows         64
xllcorner     278826.60355005
yllcorner     4343615.4021448
cellsize      400
NODATA_value  -9999
[rows 28 to 55 of 64, columns 0 to 62 of 133]
1456.896 1448.053 1441.531 1436.223 1430.991 1426.17 1421.264 1415.5 1409.048 1402.296 1395.5 1394 1393 1392.5 1434.866 1436.027 1443.46 1424.68 1421.21 1416.778 1411.39 1405.721 1400.292 1395.412 1391.224 1387.731 1384.863 1382.536 1380.682 1379.253 1378.205 1377.498 1377.097 1376.967 1377.068 1377.367 1377.782 1378.21 1378.535 1378.659 1378.536 1378.239 1378.001 1377.599 1376.894 1376.415 1375.004 1373.139 1371.046 1368.888 1366.783 1364.817 1363.048 1361.515 1360.235 1359.208 1358.402 1357.775 1357.304 1356.995 1356.846 1356.789 1356.69
1446.074 1438.228 1432.076 1426.999 1422.278 1417.783 1413.185 1408.087 1402.618 1397.564 1395 1394 1393 1392.5 1392 1391 1445.062 1441.893 1435.825 1426.952 1417.828 1409.417 1402.104 1396.024 1391.162 1387.338 1384.328 1381.954 1380.1 1378.696 1377.687 1377.014 1376.628 1376.48 1376.517 1376.763 1377.117 1377.479 1377.739 1377.773 1377.465 1376.845 1376.647 1376.243 1375.054 1374.921 1373.111 1370.909 1368.614 1366.346 1364.192 1362.216 1360.462 1358.969 1357.759 1356.836 1356.166 1355.684 1355.347 1355.172 1355.209 1355.392 1355.505
1439.223 1431.486 1425.31 1420.257 1415.799 1411.708 1407.768 1403.678 1399.349 1395 1395 1393 1393 1392.5 1392 1390.5 1390.5 1441.93 1439.654 1430.083 1419.286 1409.442 1401.164 1394.569 1389.615 1385.92 1383.097 1380.897 1379.189 1377.919 1377.024 1376.437 1376.094 1375.93 1375.825 1375.981 1376.22 1376.464 1376.643 1376.644 1376.239 1375.041 1374.995 1374.914 1373.375 1372.191 1370.332 1368.148 1365.88 1363.65 1361.55 1359.645 1357.953 1356.533 1355.417 1354.615 1354.094 1353.758 1353.513 1353.375 1353.537 1353.959 1354.21
1433.902 1426.468 1420.312 1415.33 1411.165 1407.588 1404.515 1401.778 1399.172 1396 1395 1393 1393 1392.5 1392 1390.5 1389 1433.39 1433.387 1424.739 1414.441 1405.026 1397.131 1390.936 1386.666 1383.651 1381.352 1379.523 1378.076 1377.023 1376.299 1375.827 1375.541 1375.397 1375.002 1374.998 1374.998 1374.995 1374.988 1374.991 1374.89 1373.331 1372.472 1371.765 1370.388 1368.901 1367.125 1365.131 1363.061 1360.996 1359.046 1357.296 1355.693 1354.366 1353.35 1352.663 1352.297 1352.114 1351.909 1351.625 1351.799 1352.496 1352.7
1429.952 1422.847 1416.762 1411.88 1408.058 1404.98 1402.514 1400.699 1399 1396 1394 1393 1392.5 1390 1390 1390 1388 1420.625 1419.748 1412.431 1404.398 1397.178 1390.94 1385.834 1383.003 1381.098 1379.513 1378.141 1376.977 1376.185 1375.651 1375.287 1375.001 1374.991 1374.299 1373.802 1373.368 1372.891 1372.355 1371.955 1371.495 1370.348 1369.327 1368.344 1367.056 1365.557 1363.99 1362.273 1360.518 1358.703 1356.965 1355.463 1353.91 1352.679 1351.746 1351.13 1350.891 1350.867 1350.701 1350.007 1350.021 1351.111 1350.947
1427.614 1420.836 1414.953 1410.255 1406.77 1403.911 1401.214 1400 1397 1394 1393 1392 1391.5 1390 1388 1388 1387 1403.723 1401.244 1396.646 1392.44 1388.644 1384.906 1380.967 1380.001 1379.146 1378.122 1377.14 1376.172 1375.636 1375.272 1375 1374.53 1374.007 1373.441 1372.775 1372.08 1371.256 1370.195 1369.388 1368.659 1367.71 1366.714 1365.649 1364.385 1362.781 1361.477 1360.032 1358.703 1357.223 1355.743 1354.576 1352.898 1351.748 1350.863 1350.226 1350.001 1349.996 1349.961 1348.883 1348.726 1349.827 1349.085
1427.358 1421.182 1415.813 1411.541 1408.57 1405.707 1401.379 1399.5 1398 1395 1395 1393 1392 1392 1391 1390.5 1387 1386.257 1385.644 1384.945 1384.141 1383.208 1382.122 1380.025 1379.418 1378.511 1377.523 1376.832 1376.085 1375.613 1375.341 1375.196 1374.996 1374.114 1373.342 1372.568 1371.896 1371.221 1370.372 1369.397 1368.144 1367.161 1366.066 1364.837 1363.448 1361.205 1360.138 1358.835 1358.054 1357.161 1356.265 1355.029 1353.11 1351.881 1351.016 1350.392 1349.996 1349.04 1348.28 1347.444 1346.865 1346.235 1345.548
1430.176 1425.307 1421.224 1417.917 1415.501 1413.638 1411.588 1405.545 1400.091 1394 1394 1393 1393 1392 1391 1390.5 1390 1407.627 1398.779 1390.695 1385.842 1383.342 1381.407 1379.775 1379.015 1378.357 1377.54 1376.872 1376.28 1375.859 1375.577 1375.344 1375 1374.395 1373.936 1373.512 1373.145 1372.786 1372.359 1371.861 1371.219 1370.488 1368.922 1367.298 1365.433 1361.653 1360.154 1359.238 1358.437 1358.941 1358.924 1358.097 1356.529 1355.101 1353.901 1352.805 1351.616 1349.985 1348.347 1348.26 1349.807 1349.905 1349.827
1435.03 1431.635 1428.887 1426.194 1423.577 1420.94 1417.569 1411.783 1405.407 1399.059 1394 1393 1392.5 1392 1391 1390.5 1390.5 1426.647 1412.058 1398.41 1389.526 1384.497 1381.495 1379.678 1378.738 1378.132 1377.556 1377.059 1376.629 1376.29 1376.017 1375.749 1375.406 1375.003 1374.998 1374.998 1374.996 1374.995 1374.99 1374.984 1374.977 1374.786 1372.737 1371.203 1370.056 1368.1 1366.703 1364.936 1363.859 1363.896 1363.889 1363.22 1361.706 1360.103 1358.632 1357.16 1355.401 1353.096 1350.594 1350.639 1353.029 1354.051 1353.952
1441.594 1439.359 1437.68 1434.89 1431.312 1427.355 1423.402 1418.718 1413.626 1408.276 1403.039 1394 1392.5 1392 1426.183 1436.044 1438.018 1427.817 1413.142 1399.972 1390.61 1384.786 1381.348 1379.429 1378.464 1377.963 1377.617 1377.344 1377.11 1376.903 1376.707 1376.503 1376.292 1376.149 1376.26 1376.446 1376.634 1376.791 1376.895 1376.916 1376.783 1376.276 1375.017 1374.93 1374.927 1374.767 1374.161 1371.499 1370.207 1369.926 1369.83 1369.241 1367.46 1365.782 1364.374 1363.026 1361.502 1359.74 1358.216 1358.256 1359.468 1359.734 1358.924
1449.998 1448.057 1446.963 1442.833 1437.361 1432.716 1429.229 1426.429 1424.081 1421.861 1419.16 1394 1392.5 1430.857 1442.845 1447.303 1438.138 1419.859 1407.261 1396.89 1389.113 1383.91 1380.735 1378.99 1378.175 1377.863 1377.763 1377.739 1377.731 1377.701 1377.632 1377.533 1377.44 1377.425 1377.561 1377.777 1377.99 1378.131 1378.143 1377.966 1377.53 1376.74 1375.658 1375.189 1376.121 1376.795 1376.574 1375.095 1374.926 1374.953 1374.975 1374.661 1372.393 1371.016 1370.127 1369.369 1368.569 1367.725 1367.107 1367.136 1367.318 1366.198 1364.334
1461.135 1457.492 1455.638 1447.964 1441.234 1436.794 1434.496 1433.855 1434.569 1436.505 1439.071 1438.346 1439.687 1443.952 1448.375 1447.71 1435.558 1415.933 1403.063 1393.948 1387.368 1382.89 1380.119 1378.625 1378.01 1377.914 1378.062 1378.292 1378.52 1378.689 1378.767 1378.766 1378.734 1378.727 1378.792 1378.92 1379.042 1379.066 1378.911 1378.508 1377.823 1376.882 1375.887 1375.427 1376.274 1377.164 1377.494 1377.253 1377.44 1377.636 1377.561 1376.862 1375.127 1374.963 1374.96 1374.949 1374.916 1374.858 1374.818 1374.826 1374.426 1371.879 1369.192
1474.365 1469.87 1458.499 1449.751 1443.417 1440.011 1439.039 1439.867 1442.141 1445.597 1448.824 1449.612 1449.965 1450.381 1450.514 1449.179 1438.184 1420.445 1404.406 1394.446 1387.646 1383.072 1380.249 1378.76 1378.214 1378.261 1378.612 1379.071 1379.521 1379.879 1380.095 1380.166 1380.129 1380.031 1379.917 1379.859 1379.811 1379.679 1379.364 1378.797 1377.973 1376.987 1376.07 1375.643 1376.184 1376.993 1377.659 1378.102 1378.591 1378.946 1378.974 1378.539 1377.797 1377.861 1378.214 1378.609 1378.95 1379.167 1379.172 1378.801 1377.632 1375.089 1372.65
1485.676 1478.316 1465.876 1454.056 1446.998 1444.046 1443.749 1444.789 1446.789 1449.697 1450.496 1453.449 1455.168 1455.767 1455.499 1453.375 1445.214 1429.637 1412.087 1399.818 1391.2 1385.354 1381.719 1379.772 1379.026 1379.06 1379.525 1380.157 1380.786 1381.294 1381.606 1381.698 1381.594 1381.331 1380.945 1380.609 1380.342 1380.051 1379.621 1378.975 1378.115 1377.153 1376.3 1375.843 1376.079 1376.679 1377.461 1378.241 1378.97 1379.513 1379.762 1379.713 1379.578 1379.814 1380.285 1380.806 1381.236 1381.452 1381.313 1380.641 1379.229 1377.07 1374.907
1496.769 1488.293 1476.093 1463.644 1454.134 1450.463 1449.786 1449.862 1450.29 1452.395 1453.969 1456.606 1458.77 1459.949 1460.056 1458.294 1452.526 1441.622 1425.707 1409.929 1398.178 1389.977 1384.772 1381.875 1380.616 1380.441 1380.897 1381.623 1382.365 1382.952 1383.279 1383.307 1383.054 1382.552 1381.808 1381.17 1380.688 1380.266 1379.777 1379.128 1378.313 1377.429 1376.651 1376.167 1376.104 1376.404 1377.186 1378.119 1379.007 1379.718 1380.183 1380.439 1380.641 1380.994 1381.479 1381.974 1382.334 1382.421 1382.093 1381.21 1379.672 1377.521 1375.087
1505.963 1498.483 1487.608 1475.927 1466.089 1460.277 1457.364 1455.826 1455.221 1455.994 1457.341 1459.435 1461.523 1463.019 1463.555 1462.54 1458.801 1451.382 1439.943 1424.193 1408.087 1396.66 1389.325 1385.099 1383.059 1382.482 1382.796 1383.521 1384.286 1384.849 1385.069 1384.898 1384.346 1383.431 1382.419 1381.561 1380.923 1380.425 1379.928 1379.326 1378.602 1377.834 1377.153 1376.671 1376.406 1376.348 1377.085 1378.031 1378.977 1379.792 1380.414 1380.868 1381.252 1381.668 1382.112 1382.507 1382.73 1382.646 1382.145 1381.15 1379.667 1377.884 1376.199
1514.273 1507.262 1498.212 1487.699 1477.662 1470.277 1465.405 1462.195 1460.285 1459.775 1460.355 1461.78 1463.502 1464.994 1465.768 1465.375 1463.108 1458.186 1449.887 1437.616 1420.091 1404.862 1395.126 1389.356 1386.338 1385.191 1385.232 1385.852 1386.533 1386.936 1386.891 1386.346 1385.329 1384.102 1382.895 1381.897 1381.171 1380.645 1380.177 1379.644 1379.012 1378.365 1377.814 1377.434 1377.205 1377.04 1377.418 1378.146 1379.016 1379.859 1380.576 1381.152 1381.636 1382.078 1382.469 1382.744 1382.804 1382.541 1381.876 1380.776 1379.294 1377.625 1376.114
1521.41 1514.108 1505.637 1496.599 1486.526 1478.412 1472.389 1467.959 1464.829 1463.101 1462.732 1463.417 1464.615 1465.873 1466.661 1466.562 1465.122 1461.718 1455.53 1445.566 1429.648 1414.071 1401.987 1394.579 1390.404 1388.512 1388.147 1388.555 1389.018 1389.088 1388.574 1387.461 1386.084 1384.656 1383.352 1382.305 1381.559 1381.047 1380.62 1380.138 1379.55 1378.97 1378.512 1378.235 1378.097 1377.742 1377.831 1378.344 1379.111 1379.952 1380.732 1381.396 1381.95 1382.408 1382.755 1382.93 1382.839 1382.405 1381.576 1380.349 1378.768 1376.937 1375.034
1527.234 1519.011 1509.814 1500.236 1491.498 1483.776 1477.431 1472.37 1468.403 1465.624 1464.258 1464.155 1464.78 1465.649 1466.311 1466.252 1465.116 1462.399 1457.348 1448.997 1436.094 1422.126 1409.799 1400.665 1395.132 1392.293 1391.385 1391.483 1391.554 1391.052 1389.805 1388.249 1386.648 1385.15 1383.866 1382.87 1382.174 1381.703 1381.308 1380.826 1380.17 1379.556 1379.066 1378.7 1378.355 1378.051 1378.088 1378.512 1379.222 1380.069 1380.91 1381.656 1382.28 1382.77 1383.098 1383.204 1383.006 1382.433 1381.465 1380.132 1378.51 1376.735 1374.994
1532.692 1523.308 1513.025 1502.556 1494.819 1487.187 1480.534 1475.137 1470.749 1467.259 1464.928 1463.966 1463.989 1464.423 1464.85 1464.755 1463.693 1461.285 1456.948 1450.054 1440.552 1428.823 1417.133 1407.323 1400.282 1396.272 1394.666 1394.381 1393.803 1392.391 1390.609 1388.777 1387.093 1385.649 1384.49 1383.63 1383.034 1382.604 1382.189 1381.623 1380.756 1380.024 1379.415 1378.848 1378.419 1378.18 1378.256 1378.675 1379.371 1380.23 1381.127 1381.957 1382.663 1383.208 1383.553 1383.635 1383.375 1382.718 1381.65 1380.225 1378.541 1376.737 1374.99
1538.559 1528.201 1517.285 1506.845 1498.377 1489.471 1482.033 1476.288 1471.788 1468.012 1464.974 1463.075 1462.411 1462.439 1462.568 1462.402 1461.465 1459.386 1455.832 1450.54 1444.409 1434.494 1423.53 1413.58 1405.694 1400.264 1397.66 1396.854 1395.182 1393.208 1391.148 1389.212 1387.56 1386.255 1385.285 1384.598 1384.097 1383.641 1383.047 1382.117 1381.095 1380.218 1379.505 1378.917 1378.513 1378.352 1378.491 1378.936 1379.633 1380.497 1381.425 1382.321 1383.109 1383.731 1384.128 1384.229 1383.962 1383.274 1382.165 1380.691 1378.941 1377.01 1375.031
1545.242 1533.745 1521.727 1510.076 1499.683 1490.1 1482.17 1476.173 1471.727 1468.033 1464.668 1461.978 1460.48 1460.07 1459.935 1459.618 1458.841 1457.281 1454.792 1451.58 1448.096 1438.839 1428.517 1418.911 1410.874 1404.671 1400.233 1398.025 1395.981 1393.85 1391.725 1389.798 1388.236 1387.098 1386.322 1385.779 1385.3 1384.684 1383.692 1382.538 1381.411 1380.46 1379.716 1379.162 1378.823 1378.74 1378.941 1379.413 1380.107 1380.957 1381.883 1382.805 1383.647 1384.339 1384.806 1384.966 1384.74 1384.083 1383.002 1381.57 1379.898 1378.118 1376.406
1553.002 1540.167 1526.602 1513.115 1500.651 1490.485 1482.009 1475.653 1471.232 1467.794 1464.446 1461.215 1458.896 1457.972 1457.436 1456.89 1456.148 1454.969 1453.033 1450.171 1447.135 1440.139 1431.493 1422.974 1415.503 1409.33 1403.97 1400.119 1397.42 1394.998 1392.741 1390.782 1389.281 1388.279 1387.65 1387.161 1386.557 1385.573 1384.366 1383.1 1381.924 1380.954 1380.226 1379.729 1379.463 1379.45 1379.702 1380.195 1380.881 1381.699 1382.591 1383.493 1384.341 1385.066 1385.588 1385.816 1385.665 1385.087 1384.096 1382.772 1381.244 1379.653 1378.126
1562.028 1547.839 1532.634 1517.331 1503.084 1492.258 1482.754 1475.779 1471.311 1468.194 1465.066 1461.49 1458.353 1457.082 1455.725 1454.634 1453.837 1453.043 1451.879 1449.979 1446.824 1440.748 1433.398 1426.054 1419.377 1413.414 1408.021 1403.56 1400.018 1397.051 1394.456 1392.312 1390.764 1389.828 1389.266 1388.691 1387.764 1386.59 1385.288 1383.984 1382.796 1381.829 1381.13 1380.69 1380.49 1380.532 1380.818 1381.324 1381.999 1382.785 1383.626 1384.475 1385.28 1385.981 1386.509 1386.778 1386.7 1386.223 1385.353 1384.168 1382.794 1381.361 1379.957
1572.454 1557.026 1540.296 1523.511 1508.242 1496.133 1484.885 1477.31 1473.085 1470.51 1467.764 1463.906 1459.675 1458.314 1455.4 1453.225 1452.115 1451.604 1451.107 1450.012 1447.528 1441.561 1435.098 1428.86 1423.104 1417.602 1412.373 1407.658 1403.555 1399.993 1396.902 1394.393 1392.654 1391.701 1391.107 1390.257 1389.183 1387.933 1386.612 1385.314 1384.128 1383.158 1382.476 1382.079 1381.932 1382.009 1382.305 1382.805 1383.466 1384.229 1385.032 1385.821 1386.549 1387.173 1387.641 1387.888 1387.842 1387.448 1386.699 1385.655 1384.421 1383.111 1381.796
1584.301 1567.873 1549.522 1530.786 1513.406 1498.946 1487.462 1480.592 1477.543 1476.077 1473.977 1470.184 1465.467 1461.427 1456.605 1452.991 1451.223 1450.712 1450.736 1450.652 1449.428 1443.001 1437.436 1432.35 1427.27 1422.154 1417.082 1412.223 1407.716 1403.613 1399.983 1396.958 1394.871 1393.847 1393.07 1392.092 1390.999 1389.731 1388.42 1387.15 1385.96 1384.97 1384.282 1383.913 1383.807 1383.901 1384.175 1384.628 1385.253 1386.003 1386.797 1387.551 1388.199 1388.708 1389.053 1389.207 1389.123 1388.759 1388.096 1387.167 1386.051 1384.835 1383.584
1598.079 1580.869 1560.799 1539.736 1519.775 1502.954 1491.789 1486.605 1485.617 1485.64 1483.981 1479.504 1473.566 1467.387 1460.831 1454.782 1451.5 1450.377 1450.281 1450.417 1449.989 1446.503 1441.681 1436.797 1431.935 1427.033 1422.085 1417.161 1412.372 1407.818 1403.617 1399.994 1397.396 1396.429 1395.283 1394.285 1393.317 1392.022 1390.727 1389.498 1388.276 1387.238 1386.534 1386.189 1386.125 1386.229 1386.444 1386.783 1387.318 1388.045 1388.865 1389.634 1390.226 1390.603 1390.776 1390.771 1390.584 1390.182 1389.548 1388.69 1387.654 1386.503 1385.292
1614.652 1596.772 1574.977 1551.594 1529.343 1510.939 1499.268 1496.212 1497.801 1499.087 1497.015 1490.34 1482.387 1474.562 1467.046 1459.993 1452.821 1450.649 1450.086 1450.048 1450.645 1449.713 1445.607 1441.102 1436.55 1431.938 1427.208 1422.364 1417.479 1412.655 1408.021 1403.785 1400.422 1399.729 1397.761 1396.886 1396.231 1394.746 1393.479 1392.353 1391.02 1389.897 1389.193 1388.897 1388.892 1389.012 1389.135 1389.259 1389.608 1390.275 1391.151 1392 1392.565 1392.811 1392.771 1392.567 1392.234 1391.741 1391.074 1390.231 1389.229 1388.109 1386.915
